image_width: 1280
image_height: 720
camera_name: default_cam
camera_matrix:
  rows: 3
  cols: 3
  data: [954.05898251, 0.0, 658.77667188,
         0.0, 956.20345771, 355.18999585,
         0.0, 0.0, 1.0]
distortion_model: plumb_bob
distortion_coefficients:
  rows: 1
  cols: 5
  data: [0.00707366, -0.03463743, 0.00742191, -0.00509126, -0.09206296]
rectification_matrix:
  rows: 3
  cols: 3
  data: [1.0, 0.0, 0.0,
         0.0, 1.0, 0.0,
         0.0, 0.0, 1.0]
projection_matrix:
  rows: 3
  cols: 4
  data: [916.48869336, 0.0, 652.83749597, 0.0,
         0.0, 920.84490226, 362.18828684, 0.0,
         0.0, 0.0, 1.0, 0.0]
